138
85
177
151
81
21
254
33
53
197
8
216
121
230
97
107
178
149
132
31
187
200
77
73
33
239
27
240
149
86
12
28
94
157
172
184
89
193
126
133
171
218
177
180
97
238
163
106
190
36
249
64
196
74
197
214
87
214
152
142
188
201
131
219
250
251
159
132
9
73
231
110
173
149
204
179
132
130
219
217
52
206
215
56
44
171
28
208
38
177
243
68
186
68
88
225
134
147
126
108
237
9
123
33
161
77
78
109
221
2
120
141
122
254
6
223
234
3
99
60
175
177
200
236
24
179
39
12
224
40
177
224
89
157
68
189
47
92
68
25
132
110
156
76
241
35
191
75
105
3
163
53
43
197
220
71
181
43
47
74
108
155
80
233
179
26
14
254
131
151
77
165
219
46
162
6
50
171
105
78
132
76
143
187
135
96
90
252
174
11
190
156
77
104
228
67
213
204
120
170
229
151
187
228
93
67
190
9
50
81
111
122
51
62
129
21
153
21
115
237
137
207
147
224
220
106
190
193
4
57
80
192
58
84
165
232
36
108
140
124
72
132
149
6
211
167
227
83
7
229
20
253
22
3
228
204
210
18
198
144
103
76
67
25
118
223
205
127
66
96
74
201
8
180
24
93
71
190
90
4
35
243
70
165
112
11
88
145
155
152
214
55
223
13
157
8
26
174
65
84
26
69
65
192
147
222
6
76
41
236
155
83
193
135
250
200
225
51
36
63
165
192
205
246
1
176
82
101
137
109
218
234
12
10
136
53
177
55
109
19
221
143
108
130
37
208
246
143
161
96
152
228
255
178
52
138
93
233
143
5
70
188
102
30
79
107
170
117
110
191
213
237
58
136
213
193
63
196
48
248
105
99
181
223
25
230
132
147
254
180
188
218
61
59
170
98
247
60
0
201
51
163
82
211
200
233
1
195
66
178
54
176
75
75
6
24
143
113
83
8
177
238
55
153
61
24
3
26
98
50
133
8
214
220
21
215
217
70
242
152
87
230
130
51
15
126
85
164
3
165
54
27
136
141
255
30
175
109
46
249
6
120
137
188
74
95
156
175
179
240
43
20
208
127
140
143
242
240
225
205
100
142
245
54
140
233
141
117
153
43
111
125
231
38
36
41
143
75
164
124
131
96
113
45
204
178
97
95
69
99
220
15
170
21
196
156
14
204
102
91
217
54
105
70
120
197
41
213
96
170
99
123
119
250
248
43
211
48
159
3
238
58
73
16
155
63
34
20
78
103
15
74
25
25
162
43
71
172
225
66
27
252
3
218
46
141
199
43
243
61
138
10
222
117
85
9
118
105
59
255
134
251
8
212
209
10
226
181
174
241
243
107
225
170
31
187
248
203
240
214
58
221
200
128
5
159
156
109
38
179
49
254
88
159
239
62
219
136
68
206
27
49
253
179
197
22
183
186
128
6
137
195
29
8
192
137
25
50
203
174
115
249
94
155
31
212
184
2
233
193
141
101
20
214
188
230
151
135
137
148
39
164
83
68
99
26
142
223
1
243
25
135
195
205
248
80
83
54
156
139
114
123
229
125
172
232
66
249
5
90
147
190
222
215
20
241
4
170
46
206
160
22
18
120
123
10
235
184
154
207
196
6
98
123
70
214
18
218
226
48
176
106
195
189
135
56
209
149
213
80
61
182
198
60
31
135
245
119
240
139
52
9
19
46
194
213
156
155
197
157
55
179
219
16
140
252
1
9
86
239
72
137
12
124
42
51
33
231
123
171
152
208
197
74
69
6
228
228
62
107
93
74
39
125
137
40
247
92
221
86
87
53
12
98
168
154
158
197
76
218
216
21
187
109
38
30
178
176
252
174
236
191
82
244
106
26
51
249
140
92
86
101
86
235
64
80
88
155
225
10
221
252
118
31
212
194
105
40
135
15
121
78
7
83
131
200
92
157
108
158
58
163
130
169
26
169
74
49
125
10
94
189
243
223
225
20
66
208
12
89
73
92
87
254
239
25
15
3
57
64
100
19
175
228
118
249
227
198
135
1
73
26
3
16
159
76
155
189
247
143
16
120
55
246
245
98
76
239
74
4
4
210
50
17
174
172
158
97
84
218
150
9
42
243
28
164
0
136
88
248
76
195
245
164
239
40
111
95
90
104
86
29
152
169
78
154
20
86
9
177
101
146
145
248
50
137
241
232
249
203
123
201
191
12
193
196
47
187
6
28
123
46
110
48
74
47
199
34
128
63
56
174
135
138
161
95
248
191
194
130
138
160
73
160
34
82
213
14
113
147